  16: (18, 17) -3.2
   2: (1, 10) 1.0
   3: (11, 19) 1.0
   4: (1, 2) 1.0
   5: (12, 16) 1.0
   1: (10, 8) 1.1
   6: (1, 3) 1.1
   7: (13, 14) 1.1
   8: (1, 4) 1.1
  26: (22, 20) 2.2
  27: (23, 10) 2.2
  38: (5, 25) 3.1
  39: (5, 26) 3.1
  40: (5, 27) 3.1
  14: (17, 7) 3.2
  17: (18, 22) 3.2
  35: (3, 15) 3.7
  34: (30, 13) 4.2
  46: (21, 2) 4.2
  47: (21, 20) 4.2
   9: (14, 26) 4.7
  10: (1, 5) 4.7
  11: (15, 28) 4.7
  12: (1, 6) 4.7
  28: (24, 29) 5.0
  29: (24, 3) 5.0
  33: (28, 11) 5.0
  42: (7, 12) 5.0
  45: (9, 15) 5.0
Total Weight = 85.40